    km_pop; 0.0067606945;-0.0007377986; 0.0052860244; 0.0000000000; 0.0000000000; 0.0000000000; 0.0000000000;-0.0000000000; 0.0000000000; 0.0000000000; 0.0000000000
    gp_pop;-0.0007377986; 0.0029648560;-0.0026722669; 0.0000000000; 0.0000000000; 0.0000000000; 0.0000000000;-0.0000000000; 0.0000000000; 0.0000000000; 0.0000000000
    gm_pop; 0.0052860244;-0.0026722669; 0.0062917615; 0.0000000000; 0.0000000000; 0.0000000000; 0.0000000000;-0.0000000000; 0.0000000000; 0.0000000000; 0.0000000000
  omega_km; 0.0000000000; 0.0000000000; 0.0000000000; 0.0033841455; 0.0000612461; 0.0021539629;-0.0000012790;-0.0000000012;-0.0009387155; 0.0016005729; 0.0008989807
  omega_gp; 0.0000000000; 0.0000000000; 0.0000000000; 0.0000612461; 0.0015028540; 0.0008360169;-0.0000036046;-0.0000000138;-0.0006184362;-0.0005093942;-0.0015147314
  omega_gm; 0.0000000000; 0.0000000000; 0.0000000000; 0.0021539629; 0.0008360169; 0.0031766641;-0.0000060124;-0.0000000127;-0.0047191350; 0.0015381056;-0.0022123495
         a; 0.0000000000; 0.0000000000; 0.0000000000;-0.0000012790;-0.0000036046;-0.0000060124; 0.1241810068;-0.0000384678; 0.0000015499; 0.0000036871; 0.0000062089
         b; 0.0000000000; 0.0000000000; 0.0000000000;-0.0000000012;-0.0000000138;-0.0000000127;-0.0000384678; 0.0000000991;-0.0000000074; 0.0000000173; 0.0000000183
corr_km_gp; 0.0000000000; 0.0000000000; 0.0000000000;-0.0009387155;-0.0006184362;-0.0047191350; 0.0000015499;-0.0000000074; 0.0192154605;-0.0039947505; 0.0098660603
corr_km_gm; 0.0000000000; 0.0000000000; 0.0000000000; 0.0016005729;-0.0005093942; 0.0015381056; 0.0000036871; 0.0000000173;-0.0039947505; 0.0023400715;-0.0001936527
corr_gp_gm; 0.0000000000; 0.0000000000; 0.0000000000; 0.0008989807;-0.0015147314;-0.0022123495; 0.0000062089; 0.0000000183; 0.0098660603;-0.0001936527; 0.0078634581
