    km_pop;0.0013508671; 0.0000641717; 0.0013350196; 0.0000000000; 0.0000000000; 0.0000000000; 0.0000000000;-0.0000000000; 0.0000000000; 0.0000000000; 0.0000000000
    gp_pop;0.0000641717; 0.0010797656;-0.0008875074; 0.0000000000; 0.0000000000; 0.0000000000; 0.0000000000;-0.0000000000; 0.0000000000; 0.0000000000; 0.0000000000
    gm_pop;0.0013350196;-0.0008875074; 0.0022835175; 0.0000000000; 0.0000000000; 0.0000000000; 0.0000000000;-0.0000000000; 0.0000000000; 0.0000000000; 0.0000000000
  omega_km;0.0000000000; 0.0000000000; 0.0000000000; 0.0006988090; 0.0000007364; 0.0005370750;-0.0000391209;-0.0000000220; 0.0000581112; 0.0003083309; 0.0004279728
  omega_gp;0.0000000000; 0.0000000000; 0.0000000000; 0.0000007364; 0.0005984866; 0.0002691539;-0.0000116883;-0.0000000768; 0.0000387099;-0.0003002205;-0.0004250955
  omega_gm;0.0000000000; 0.0000000000; 0.0000000000; 0.0005370750; 0.0002691539; 0.0012399661;-0.0000530269;-0.0000000748;-0.0013304396; 0.0003999816;-0.0006441380
         a;0.0000000000; 0.0000000000; 0.0000000000;-0.0000391209;-0.0000116883;-0.0000530269; 0.4360319204;-0.0001335397; 0.0000424887;-0.0000180907; 0.0000136004
         b;0.0000000000; 0.0000000000; 0.0000000000;-0.0000000220;-0.0000000768;-0.0000000748;-0.0001335397; 0.0000003480; 0.0000000324; 0.0000000315; 0.0000000694
corr_km_gp;0.0000000000; 0.0000000000; 0.0000000000; 0.0000581112; 0.0000387099;-0.0013304396; 0.0000424887; 0.0000000324; 0.0033662283;-0.0007119328; 0.0018814657
corr_km_gm;0.0000000000; 0.0000000000; 0.0000000000; 0.0003083309;-0.0003002205; 0.0003999816;-0.0000180907; 0.0000000315;-0.0007119328; 0.0005070362; 0.0000880200
corr_gp_gm;0.0000000000; 0.0000000000; 0.0000000000; 0.0004279728;-0.0004250955;-0.0006441380; 0.0000136004; 0.0000000694; 0.0018814657; 0.0000880200; 0.0017339752
