    km_pop; 0.0013981113;-0.0001953445; 0.0015026965; 0.0000000000; 0.0000000000; 0.0000000000; 0.0000000000;-0.0000000000; 0.0000000000; 0.0000000000; 0.0000000000
    gp_pop;-0.0001953445; 0.0011587470;-0.0013479355; 0.0000000000; 0.0000000000; 0.0000000000; 0.0000000000;-0.0000000000; 0.0000000000; 0.0000000000; 0.0000000000
    gm_pop; 0.0015026965;-0.0013479355; 0.0028603721; 0.0000000000; 0.0000000000; 0.0000000000; 0.0000000000;-0.0000000000; 0.0000000000; 0.0000000000; 0.0000000000
  omega_km; 0.0000000000; 0.0000000000; 0.0000000000; 0.0007739655; 0.0000160385; 0.0006573486;-0.0000560959;-0.0000003218;-0.0002211855; 0.0003716998; 0.0002285001
  omega_gp; 0.0000000000; 0.0000000000; 0.0000000000; 0.0000160385; 0.0007702517; 0.0006364552;-0.0000184629;-0.0000007667;-0.0002351761;-0.0002609880;-0.0005041929
  omega_gm; 0.0000000000; 0.0000000000; 0.0000000000; 0.0006573486; 0.0006364552; 0.0017826167;-0.0000859064;-0.0000008224;-0.0019814390; 0.0005339269;-0.0008703064
         a; 0.0000000000; 0.0000000000; 0.0000000000;-0.0000560959;-0.0000184629;-0.0000859064; 0.2271888216;-0.0000878864; 0.0000753559;-0.0000348075; 0.0000181811
         b; 0.0000000000; 0.0000000000; 0.0000000000;-0.0000003218;-0.0000007667;-0.0000008224;-0.0000878864; 0.0000022567; 0.0000001814; 0.0000000953; 0.0000002285
corr_km_gp; 0.0000000000; 0.0000000000; 0.0000000000;-0.0002211855;-0.0002351761;-0.0019814390; 0.0000753559; 0.0000001814; 0.0044429258;-0.0012102323; 0.0018077590
corr_km_gm; 0.0000000000; 0.0000000000; 0.0000000000; 0.0003716998;-0.0002609880; 0.0005339269;-0.0000348075; 0.0000000953;-0.0012102323; 0.0006559409;-0.0001214247
corr_gp_gm; 0.0000000000; 0.0000000000; 0.0000000000; 0.0002285001;-0.0005041929;-0.0008703064; 0.0000181811; 0.0000002285; 0.0018077590;-0.0001214247; 0.0011684913
