    km_pop;0.0012452815; 0.0000753057; 0.0010937483; 0.0000000000; 0.0000000000; 0.0000000000; 0.0000000000;-0.0000000000; 0.0000000000; 0.0000000000; 0.0000000000
    gp_pop;0.0000753057; 0.0008771477;-0.0007381454; 0.0000000000; 0.0000000000; 0.0000000000; 0.0000000000;-0.0000000000; 0.0000000000; 0.0000000000; 0.0000000000
    gm_pop;0.0010937483;-0.0007381454; 0.0018011050; 0.0000000000; 0.0000000000; 0.0000000000; 0.0000000000;-0.0000000000; 0.0000000000; 0.0000000000; 0.0000000000
  omega_km;0.0000000000; 0.0000000000; 0.0000000000; 0.0006388526; 0.0000024487; 0.0004189707;-0.0000290657;-0.0000000121; 0.0000664970; 0.0003292886; 0.0004225795
  omega_gp;0.0000000000; 0.0000000000; 0.0000000000; 0.0000024487; 0.0004751671; 0.0002302779;-0.0000111564;-0.0000000571; 0.0000476429;-0.0002975809;-0.0003677942
  omega_gm;0.0000000000; 0.0000000000; 0.0000000000; 0.0004189707; 0.0002302779; 0.0009680282;-0.0000465075;-0.0000000558;-0.0011738223; 0.0003929993;-0.0005410767
         a;0.0000000000; 0.0000000000; 0.0000000000;-0.0000290657;-0.0000111564;-0.0000465075; 0.3780952781;-0.0001157475; 0.0000419442;-0.0000189482; 0.0000139518
         b;0.0000000000; 0.0000000000; 0.0000000000;-0.0000000121;-0.0000000571;-0.0000000558;-0.0001157475; 0.0000002444; 0.0000000295; 0.0000000264; 0.0000000577
corr_km_gp;0.0000000000; 0.0000000000; 0.0000000000; 0.0000664970; 0.0000476429;-0.0011738223; 0.0000419442; 0.0000000295; 0.0032141021;-0.0008243643; 0.0016474774
corr_km_gm;0.0000000000; 0.0000000000; 0.0000000000; 0.0003292886;-0.0002975809; 0.0003929993;-0.0000189482; 0.0000000264;-0.0008243643; 0.0006490320; 0.0001164148
corr_gp_gm;0.0000000000; 0.0000000000; 0.0000000000; 0.0004225795;-0.0003677942;-0.0005410767; 0.0000139518; 0.0000000577; 0.0016474774; 0.0001164148; 0.0015260575
