    km_pop; 0.0012222782;-0.0001147659; 0.0012070146; 0.0000000000; 0.0000000000; 0.0000000000; 0.0000000000;-0.0000000000; 0.0000000000; 0.0000000000; 0.0000000000
    gp_pop;-0.0001147659; 0.0011065816;-0.0011660962; 0.0000000000; 0.0000000000; 0.0000000000; 0.0000000000;-0.0000000000; 0.0000000000; 0.0000000000; 0.0000000000
    gm_pop; 0.0012070146;-0.0011660962; 0.0023174371; 0.0000000000; 0.0000000000; 0.0000000000; 0.0000000000;-0.0000000000; 0.0000000000; 0.0000000000; 0.0000000000
  omega_km; 0.0000000000; 0.0000000000; 0.0000000000; 0.0006419300; 0.0000049151; 0.0004706778;-0.0000569680;-0.0000000337;-0.0001061959; 0.0003415292; 0.0002492991
  omega_gp; 0.0000000000; 0.0000000000; 0.0000000000; 0.0000049151; 0.0006308193; 0.0004786358;-0.0000607533;-0.0000000751;-0.0001210578;-0.0002594891;-0.0003939231
  omega_gm; 0.0000000000; 0.0000000000; 0.0000000000; 0.0004706778; 0.0004786358; 0.0013056089;-0.0001398142;-0.0000000954;-0.0014985990; 0.0004733347;-0.0006100201
         a; 0.0000000000; 0.0000000000; 0.0000000000;-0.0000569680;-0.0000607533;-0.0001398142; 0.5070191919;-0.0001524430; 0.0000971070;-0.0000201945; 0.0000511944
         b; 0.0000000000; 0.0000000000; 0.0000000000;-0.0000000337;-0.0000000751;-0.0000000954;-0.0001524430; 0.0000002968; 0.0000000200; 0.0000000215; 0.0000000361
corr_km_gp; 0.0000000000; 0.0000000000; 0.0000000000;-0.0001061959;-0.0001210578;-0.0014985990; 0.0000971070; 0.0000000200; 0.0037113711;-0.0011657328; 0.0013899169
corr_km_gm; 0.0000000000; 0.0000000000; 0.0000000000; 0.0003415292;-0.0002594891; 0.0004733347;-0.0000201945; 0.0000000215;-0.0011657328; 0.0007311150;-0.0000576541
corr_gp_gm; 0.0000000000; 0.0000000000; 0.0000000000; 0.0002492991;-0.0003939231;-0.0006100201; 0.0000511944; 0.0000000361; 0.0013899169;-0.0000576541; 0.0009268902
