    km_pop;0.0015034691; 0.0000134927; 0.0013928935; 0.0000000000; 0.0000000000; 0.0000000000; 0.0000000000;-0.0000000000; 0.0000000000; 0.0000000000; 0.0000000000
    gp_pop;0.0000134927; 0.0010615514;-0.0010543884; 0.0000000000; 0.0000000000; 0.0000000000; 0.0000000000;-0.0000000000; 0.0000000000; 0.0000000000; 0.0000000000
    gm_pop;0.0013928935;-0.0010543884; 0.0024475766; 0.0000000000; 0.0000000000; 0.0000000000; 0.0000000000;-0.0000000000; 0.0000000000; 0.0000000000; 0.0000000000
  omega_km;0.0000000000; 0.0000000000; 0.0000000000; 0.0007850303;-0.0000016761; 0.0005429416;-0.0000298591;-0.0000000613; 0.0000119907; 0.0003627636; 0.0004112561
  omega_gp;0.0000000000; 0.0000000000; 0.0000000000;-0.0000016761; 0.0006055555; 0.0003824136;-0.0000103011;-0.0000001569;-0.0000092592;-0.0003307051;-0.0004281348
  omega_gm;0.0000000000; 0.0000000000; 0.0000000000; 0.0005429416; 0.0003824136; 0.0013625240;-0.0000453817;-0.0000001768;-0.0015245085; 0.0004611182;-0.0006853416
         a;0.0000000000; 0.0000000000; 0.0000000000;-0.0000298591;-0.0000103011;-0.0000453817; 0.2190468851;-0.0000771288; 0.0000369964;-0.0000176476; 0.0000095058
         b;0.0000000000; 0.0000000000; 0.0000000000;-0.0000000613;-0.0000001569;-0.0000001768;-0.0000771288; 0.0000006711; 0.0000000770; 0.0000000365; 0.0000000985
corr_km_gp;0.0000000000; 0.0000000000; 0.0000000000; 0.0000119907;-0.0000092592;-0.0015245085; 0.0000369964; 0.0000000770; 0.0035728644;-0.0009739523; 0.0016388422
corr_km_gm;0.0000000000; 0.0000000000; 0.0000000000; 0.0003627636;-0.0003307051; 0.0004611182;-0.0000176476; 0.0000000365;-0.0009739523; 0.0006697043; 0.0000329671
corr_gp_gm;0.0000000000; 0.0000000000; 0.0000000000; 0.0004112561;-0.0004281348;-0.0006853416; 0.0000095058; 0.0000000985; 0.0016388422; 0.0000329671; 0.0013284518
