    km_pop; 0.0016723257;-0.0001029550; 0.0017481866; 0.0000000000; 0.0000000000; 0.0000000000; 0.0000000000;-0.0000000000; 0.0000000000; 0.0000000000; 0.0000000000
    gp_pop;-0.0001029550; 0.0022972184;-0.0024050207; 0.0000000000; 0.0000000000; 0.0000000000; 0.0000000000;-0.0000000000; 0.0000000000; 0.0000000000; 0.0000000000
    gm_pop; 0.0017481866;-0.0024050207; 0.0042896585; 0.0000000000; 0.0000000000; 0.0000000000; 0.0000000000;-0.0000000000; 0.0000000000; 0.0000000000; 0.0000000000
  omega_km; 0.0000000000; 0.0000000000; 0.0000000000; 0.0011185023;-0.0000186105; 0.0008729103;-0.0000799816;-0.0000029263;-0.0002428211; 0.0007729476; 0.0005687959
  omega_gp; 0.0000000000; 0.0000000000; 0.0000000000;-0.0000186105; 0.0023300050; 0.0017561202;-0.0000273904;-0.0000052731;-0.0007798883;-0.0009816691;-0.0017226988
  omega_gm; 0.0000000000; 0.0000000000; 0.0000000000; 0.0008729103; 0.0017561202; 0.0042999659;-0.0001702123;-0.0000071839;-0.0053295265; 0.0013429868;-0.0027543991
         a; 0.0000000000; 0.0000000000; 0.0000000000;-0.0000799816;-0.0000273904;-0.0001702123; 0.2286560909;-0.0000938840; 0.0002057097;-0.0001027206; 0.0000551352
         b; 0.0000000000; 0.0000000000; 0.0000000000;-0.0000029263;-0.0000052731;-0.0000071839;-0.0000938840; 0.0000146212; 0.0000035463;-0.0000005893; 0.0000019086
corr_km_gp; 0.0000000000; 0.0000000000; 0.0000000000;-0.0002428211;-0.0007798883;-0.0053295265; 0.0002057097; 0.0000035463; 0.0107338660;-0.0033108807; 0.0046841536
corr_km_gm; 0.0000000000; 0.0000000000; 0.0000000000; 0.0007729476;-0.0009816691; 0.0013429868;-0.0001027206;-0.0000005893;-0.0033108807; 0.0022573492;-0.0001294738
corr_gp_gm; 0.0000000000; 0.0000000000; 0.0000000000; 0.0005687959;-0.0017226988;-0.0027543991; 0.0000551352; 0.0000019086; 0.0046841536;-0.0001294738; 0.0034671524
