    km_pop;0.0014912039; 0.0000054335; 0.0013703633; 0.0000000000; 0.0000000000; 0.0000000000; 0.0000000000;-0.0000000000; 0.0000000000; 0.0000000000; 0.0000000000
    gp_pop;0.0000054335; 0.0009045353;-0.0008902846; 0.0000000000; 0.0000000000; 0.0000000000; 0.0000000000;-0.0000000000; 0.0000000000; 0.0000000000; 0.0000000000
    gm_pop;0.0013703633;-0.0008902846; 0.0022324436; 0.0000000000; 0.0000000000; 0.0000000000; 0.0000000000;-0.0000000000; 0.0000000000; 0.0000000000; 0.0000000000
  omega_km;0.0000000000; 0.0000000000; 0.0000000000; 0.0008227254;-0.0000047217; 0.0005737108;-0.0000227199;-0.0000001286; 0.0000131519; 0.0003806869; 0.0004340760
  omega_gp;0.0000000000; 0.0000000000; 0.0000000000;-0.0000047217; 0.0005414925; 0.0003262184;-0.0000136179;-0.0000001661; 0.0000100605;-0.0003013308;-0.0003964415
  omega_gm;0.0000000000; 0.0000000000; 0.0000000000; 0.0005737108; 0.0003262184; 0.0012820900;-0.0000468559;-0.0000001981;-0.0015354017; 0.0004790481;-0.0006650510
         a;0.0000000000; 0.0000000000; 0.0000000000;-0.0000227199;-0.0000136179;-0.0000468559; 0.5162687641;-0.0001533158; 0.0000597960;-0.0000169735; 0.0000272745
         b;0.0000000000; 0.0000000000; 0.0000000000;-0.0000001286;-0.0000001661;-0.0000001981;-0.0001533158; 0.0000003019;-0.0000000064; 0.0000000315; 0.0000000429
corr_km_gp;0.0000000000; 0.0000000000; 0.0000000000; 0.0000131519; 0.0000100605;-0.0015354017; 0.0000597960;-0.0000000064; 0.0041314808;-0.0010522375; 0.0019312269
corr_km_gm;0.0000000000; 0.0000000000; 0.0000000000; 0.0003806869;-0.0003013308; 0.0004790481;-0.0000169735; 0.0000000315;-0.0010522375; 0.0006728916; 0.0000009625
corr_gp_gm;0.0000000000; 0.0000000000; 0.0000000000; 0.0004340760;-0.0003964415;-0.0006650510; 0.0000272745; 0.0000000429; 0.0019312269; 0.0000009625; 0.0015149580
