    km_pop; 0.0014808795;-0.0002538969; 0.0016358341; 0.0000000000; 0.0000000000; 0.0000000000; 0.0000000000;-0.0000000000; 0.0000000000; 0.0000000000; 0.0000000000
    gp_pop;-0.0002538969; 0.0012770990;-0.0014683925; 0.0000000000; 0.0000000000; 0.0000000000; 0.0000000000;-0.0000000000; 0.0000000000; 0.0000000000; 0.0000000000
    gm_pop; 0.0016358341;-0.0014683925; 0.0030705604; 0.0000000000; 0.0000000000; 0.0000000000; 0.0000000000;-0.0000000000; 0.0000000000; 0.0000000000; 0.0000000000
  omega_km; 0.0000000000; 0.0000000000; 0.0000000000; 0.0009235621; 0.0000326537; 0.0008855073;-0.0000849801;-0.0000014232;-0.0004947459; 0.0005058404; 0.0001928446
  omega_gp; 0.0000000000; 0.0000000000; 0.0000000000; 0.0000326537; 0.0012225493; 0.0009546942;-0.0000332719;-0.0000034699;-0.0005623803;-0.0003988550;-0.0010059374
  omega_gm; 0.0000000000; 0.0000000000; 0.0000000000; 0.0008855073; 0.0009546942; 0.0025423924;-0.0001626653;-0.0000038347;-0.0033078875; 0.0006942216;-0.0017624078
         a; 0.0000000000; 0.0000000000; 0.0000000000;-0.0000849801;-0.0000332719;-0.0001626653; 0.2237422093;-0.0000959305; 0.0001966896;-0.0000662236; 0.0000757840
         b; 0.0000000000; 0.0000000000; 0.0000000000;-0.0000014232;-0.0000034699;-0.0000038347;-0.0000959305; 0.0000070557; 0.0000015771; 0.0000002988; 0.0000015929
corr_km_gp; 0.0000000000; 0.0000000000; 0.0000000000;-0.0004947459;-0.0005623803;-0.0033078875; 0.0001966896; 0.0000015771; 0.0077730322;-0.0017232149; 0.0037750366
corr_km_gm; 0.0000000000; 0.0000000000; 0.0000000000; 0.0005058404;-0.0003988550; 0.0006942216;-0.0000662236; 0.0000002988;-0.0017232149; 0.0008825734;-0.0002016297
corr_gp_gm; 0.0000000000; 0.0000000000; 0.0000000000; 0.0001928446;-0.0010059374;-0.0017624078; 0.0000757840; 0.0000015929; 0.0037750366;-0.0002016297; 0.0026677183
