    km_pop; 0.0023001632;-0.0000244290; 0.0023079722; 0.0000000000; 0.0000000000; 0.0000000000; 0.0000000000;-0.0000000000; 0.0000000000; 0.0000000000; 0.0000000000
    gp_pop;-0.0000244290; 0.0026308199;-0.0025603398; 0.0000000000; 0.0000000000; 0.0000000000; 0.0000000000;-0.0000000000; 0.0000000000; 0.0000000000; 0.0000000000
    gm_pop; 0.0023079722;-0.0025603398; 0.0049586899; 0.0000000000; 0.0000000000; 0.0000000000; 0.0000000000;-0.0000000000; 0.0000000000; 0.0000000000; 0.0000000000
  omega_km; 0.0000000000; 0.0000000000; 0.0000000000; 0.0016122619;-0.0000252793; 0.0013046071;-0.0000904362;-0.0000050632;-0.0003295851; 0.0010825163; 0.0008982730
  omega_gp; 0.0000000000; 0.0000000000; 0.0000000000;-0.0000252793; 0.0027710383; 0.0018752499;-0.0000262347;-0.0000071620;-0.0009177790;-0.0013443487;-0.0024908521
  omega_gm; 0.0000000000; 0.0000000000; 0.0000000000; 0.0013046071; 0.0018752499; 0.0056068217;-0.0002026078;-0.0000123396;-0.0064053666; 0.0015555159;-0.0038144519
         a; 0.0000000000; 0.0000000000; 0.0000000000;-0.0000904362;-0.0000262347;-0.0002026078; 0.2281963004;-0.0000797697; 0.0002179395;-0.0001046621; 0.0000716245
         b; 0.0000000000; 0.0000000000; 0.0000000000;-0.0000050632;-0.0000071620;-0.0000123396;-0.0000797697; 0.0000224957; 0.0000076931;-0.0000014313; 0.0000046686
corr_km_gp; 0.0000000000; 0.0000000000; 0.0000000000;-0.0003295851;-0.0009177790;-0.0064053666; 0.0002179395; 0.0000076931; 0.0110076105;-0.0029158641; 0.0060415061
corr_km_gm; 0.0000000000; 0.0000000000; 0.0000000000; 0.0010825163;-0.0013443487; 0.0015555159;-0.0001046621;-0.0000014313;-0.0029158641; 0.0024764741; 0.0004134562
corr_gp_gm; 0.0000000000; 0.0000000000; 0.0000000000; 0.0008982730;-0.0024908521;-0.0038144519; 0.0000716245; 0.0000046686; 0.0060415061; 0.0004134562; 0.0057283964
