    km_pop; 0.0016978879;-0.0002170915; 0.0018614786; 0.0000000000; 0.0000000000; 0.0000000000; 0.0000000000;-0.0000000000; 0.0000000000; 0.0000000000; 0.0000000000
    gp_pop;-0.0002170915; 0.0020890592;-0.0022746664; 0.0000000000; 0.0000000000; 0.0000000000; 0.0000000000;-0.0000000000; 0.0000000000; 0.0000000000; 0.0000000000
    gm_pop; 0.0018614786;-0.0022746664; 0.0042077208; 0.0000000000; 0.0000000000; 0.0000000000; 0.0000000000;-0.0000000000; 0.0000000000; 0.0000000000; 0.0000000000
  omega_km; 0.0000000000; 0.0000000000; 0.0000000000; 0.0011737082; 0.0000010101; 0.0010257736;-0.0000949690;-0.0000033129;-0.0004626218; 0.0008061344; 0.0004534679
  omega_gp; 0.0000000000; 0.0000000000; 0.0000000000; 0.0000010101; 0.0022317456; 0.0017423418;-0.0000314633;-0.0000060418;-0.0008715119;-0.0008162794;-0.0016144238
  omega_gm; 0.0000000000; 0.0000000000; 0.0000000000; 0.0010257736; 0.0017423418; 0.0042228710;-0.0001878358;-0.0000078937;-0.0052548752; 0.0013146421;-0.0026203294
         a; 0.0000000000; 0.0000000000; 0.0000000000;-0.0000949690;-0.0000314633;-0.0001878358; 0.2285548558;-0.0000947372; 0.0002238627;-0.0001072382; 0.0000595430
         b; 0.0000000000; 0.0000000000; 0.0000000000;-0.0000033129;-0.0000060418;-0.0000078937;-0.0000947372; 0.0000147934; 0.0000034721;-0.0000004925; 0.0000018969
corr_km_gp; 0.0000000000; 0.0000000000; 0.0000000000;-0.0004626218;-0.0008715119;-0.0052548752; 0.0002238627; 0.0000034721; 0.0108644455;-0.0031670862; 0.0046935393
corr_km_gm; 0.0000000000; 0.0000000000; 0.0000000000; 0.0008061344;-0.0008162794; 0.0013146421;-0.0001072382;-0.0000004925;-0.0031670862; 0.0019737777;-0.0002331053
corr_gp_gm; 0.0000000000; 0.0000000000; 0.0000000000; 0.0004534679;-0.0016144238;-0.0026203294; 0.0000595430; 0.0000018969; 0.0046935393;-0.0002331053; 0.0032796784
