    km_pop; 0.0012961011;-0.0000985023; 0.0013189537; 0.0000000000; 0.0000000000; 0.0000000000; 0.0000000000;-0.0000000000; 0.0000000000; 0.0000000000; 0.0000000000
    gp_pop;-0.0000985023; 0.0012649046;-0.0012649784; 0.0000000000; 0.0000000000; 0.0000000000; 0.0000000000;-0.0000000000; 0.0000000000; 0.0000000000; 0.0000000000
    gm_pop; 0.0013189537;-0.0012649784; 0.0025502865; 0.0000000000; 0.0000000000; 0.0000000000; 0.0000000000;-0.0000000000; 0.0000000000; 0.0000000000; 0.0000000000
  omega_km; 0.0000000000; 0.0000000000; 0.0000000000; 0.0006900194; 0.0000017691; 0.0005465722;-0.0000760393;-0.0000000830;-0.0000850600; 0.0003341050; 0.0002953632
  omega_gp; 0.0000000000; 0.0000000000; 0.0000000000; 0.0000017691; 0.0007825308; 0.0005451581;-0.0001778242;-0.0000001399;-0.0001595575;-0.0003155972;-0.0005299311
  omega_gm; 0.0000000000; 0.0000000000; 0.0000000000; 0.0005465722; 0.0005451581; 0.0015530827;-0.0003337345;-0.0000002116;-0.0018743668; 0.0004769550;-0.0008786265
         a; 0.0000000000; 0.0000000000; 0.0000000000;-0.0000760393;-0.0001778242;-0.0003337345; 0.7823052182;-0.0002274926; 0.0002486495; 0.0000182697; 0.0002101470
         b; 0.0000000000; 0.0000000000; 0.0000000000;-0.0000000830;-0.0000001399;-0.0000002116;-0.0002274926; 0.0000004362; 0.0000000737; 0.0000000296; 0.0000000880
corr_km_gp; 0.0000000000; 0.0000000000; 0.0000000000;-0.0000850600;-0.0001595575;-0.0018743668; 0.0002486495; 0.0000000737; 0.0048443253;-0.0012006539; 0.0021654848
corr_km_gm; 0.0000000000; 0.0000000000; 0.0000000000; 0.0003341050;-0.0003155972; 0.0004769550; 0.0000182697; 0.0000000296;-0.0012006539; 0.0006764569;-0.0000923610
corr_gp_gm; 0.0000000000; 0.0000000000; 0.0000000000; 0.0002953632;-0.0005299311;-0.0008786265; 0.0002101470; 0.0000000880; 0.0021654848;-0.0000923610; 0.0015032846
