    km_pop; 0.0014879039;-0.0000927541; 0.0014739980; 0.0000000000; 0.0000000000; 0.0000000000; 0.0000000000;-0.0000000000; 0.0000000000; 0.0000000000; 0.0000000000
    gp_pop;-0.0000927541; 0.0011180260;-0.0011361676; 0.0000000000; 0.0000000000; 0.0000000000; 0.0000000000;-0.0000000000; 0.0000000000; 0.0000000000; 0.0000000000
    gm_pop; 0.0014739980;-0.0011361676; 0.0025679350; 0.0000000000; 0.0000000000; 0.0000000000; 0.0000000000;-0.0000000000; 0.0000000000; 0.0000000000; 0.0000000000
  omega_km; 0.0000000000; 0.0000000000; 0.0000000000; 0.0007865000; 0.0000018949; 0.0006255276;-0.0000880674;-0.0000000711;-0.0000934170; 0.0003380137; 0.0003200955
  omega_gp; 0.0000000000; 0.0000000000; 0.0000000000; 0.0000018949; 0.0006898305; 0.0004601233;-0.0001550026;-0.0000001299;-0.0001302964;-0.0002816671;-0.0004962578
  omega_gm; 0.0000000000; 0.0000000000; 0.0000000000; 0.0006255276; 0.0004601233; 0.0015270665;-0.0003221036;-0.0000001904;-0.0018054620; 0.0004444291;-0.0008744757
         a; 0.0000000000; 0.0000000000; 0.0000000000;-0.0000880674;-0.0001550026;-0.0003221036; 0.8185801264;-0.0002398758; 0.0002605620; 0.0000082518; 0.0002155373
         b; 0.0000000000; 0.0000000000; 0.0000000000;-0.0000000711;-0.0000001299;-0.0000001904;-0.0002398758; 0.0000004286; 0.0000000635; 0.0000000317; 0.0000000891
corr_km_gp; 0.0000000000; 0.0000000000; 0.0000000000;-0.0000934170;-0.0001302964;-0.0018054620; 0.0002605620; 0.0000000635; 0.0046556279;-0.0010097984; 0.0022852986
corr_km_gm; 0.0000000000; 0.0000000000; 0.0000000000; 0.0003380137;-0.0002816671; 0.0004444291; 0.0000082518; 0.0000000317;-0.0010097984; 0.0005522198;-0.0000734041
corr_gp_gm; 0.0000000000; 0.0000000000; 0.0000000000; 0.0003200955;-0.0004962578;-0.0008744757; 0.0002155373; 0.0000000891; 0.0022852986;-0.0000734041; 0.0016712824
