    km_pop; 0.0013691294;-0.0000375276; 0.0013316347; 0.0000000000; 0.0000000000; 0.0000000000; 0.0000000000;-0.0000000000; 0.0000000000; 0.0000000000; 0.0000000000
    gp_pop;-0.0000375276; 0.0010746721;-0.0009998249; 0.0000000000; 0.0000000000; 0.0000000000; 0.0000000000;-0.0000000000; 0.0000000000; 0.0000000000; 0.0000000000
    gm_pop; 0.0013316347;-0.0009998249; 0.0023124694; 0.0000000000; 0.0000000000; 0.0000000000; 0.0000000000;-0.0000000000; 0.0000000000; 0.0000000000; 0.0000000000
  omega_km; 0.0000000000; 0.0000000000; 0.0000000000; 0.0007254255;-0.0000005195; 0.0005677868;-0.0000813088;-0.0000000773;-0.0000489487; 0.0003411876; 0.0003588411
  omega_gp; 0.0000000000; 0.0000000000; 0.0000000000;-0.0000005195; 0.0006756730; 0.0003875957;-0.0001519785;-0.0000001474;-0.0000929209;-0.0003061660;-0.0005320520
  omega_gm; 0.0000000000; 0.0000000000; 0.0000000000; 0.0005677868; 0.0003875957; 0.0014047257;-0.0003418476;-0.0000002186;-0.0017773746; 0.0004404443;-0.0009225563
         a; 0.0000000000; 0.0000000000; 0.0000000000;-0.0000813088;-0.0001519785;-0.0003418476; 0.7497388093;-0.0002234491; 0.0003130963; 0.0000107495; 0.0002746920
         b; 0.0000000000; 0.0000000000; 0.0000000000;-0.0000000773;-0.0000001474;-0.0000002186;-0.0002234491; 0.0000004350; 0.0000001300; 0.0000000286; 0.0000001470
corr_km_gp; 0.0000000000; 0.0000000000; 0.0000000000;-0.0000489488;-0.0000929209;-0.0017773746; 0.0003130963; 0.0000001300; 0.0050122924;-0.0010144492; 0.0026876198
corr_km_gm; 0.0000000000; 0.0000000000; 0.0000000000; 0.0003411877;-0.0003061660; 0.0004404443; 0.0000107495; 0.0000000286;-0.0010144492; 0.0006025980;-0.0000231561
corr_gp_gm; 0.0000000000; 0.0000000000; 0.0000000000; 0.0003588411;-0.0005320520;-0.0009225563; 0.0002746920; 0.0000001470; 0.0026876198;-0.0000231561; 0.0021521751
