    km_pop; 0.0015469549;-0.0002230732; 0.0016848168; 0.0000000000; 0.0000000000; 0.0000000000; 0.0000000000;-0.0000000000; 0.0000000000; 0.0000000000; 0.0000000000
    gp_pop;-0.0002230732; 0.0015800790;-0.0017306595; 0.0000000000; 0.0000000000; 0.0000000000; 0.0000000000;-0.0000000000; 0.0000000000; 0.0000000000; 0.0000000000
    gm_pop; 0.0016848168;-0.0017306595; 0.0033863216; 0.0000000000; 0.0000000000; 0.0000000000; 0.0000000000;-0.0000000000; 0.0000000000; 0.0000000000; 0.0000000000
  omega_km; 0.0000000000; 0.0000000000; 0.0000000000; 0.0009521056; 0.0000154307; 0.0008335935;-0.0000848733;-0.0000013394;-0.0003243907; 0.0005230555; 0.0003076563
  omega_gp; 0.0000000000; 0.0000000000; 0.0000000000; 0.0000154307; 0.0012993175; 0.0010150084;-0.0000245057;-0.0000024271;-0.0004424694;-0.0004351649;-0.0008785354
  omega_gm; 0.0000000000; 0.0000000000; 0.0000000000; 0.0008335935; 0.0010150084; 0.0026318921;-0.0001442965;-0.0000030702;-0.0030895822; 0.0007913227;-0.0014442484
         a; 0.0000000000; 0.0000000000; 0.0000000000;-0.0000848733;-0.0000245057;-0.0001442965; 0.2351160440;-0.0000990817; 0.0001473394;-0.0000692608; 0.0000353855
         b; 0.0000000000; 0.0000000000; 0.0000000000;-0.0000013394;-0.0000024271;-0.0000030702;-0.0000990817; 0.0000070034; 0.0000010435;-0.0000000343; 0.0000006682
corr_km_gp; 0.0000000000; 0.0000000000; 0.0000000000;-0.0003243907;-0.0004424694;-0.0030895822; 0.0001473394; 0.0000010435; 0.0066509356;-0.0018111298; 0.0028160568
corr_km_gm; 0.0000000000; 0.0000000000; 0.0000000000; 0.0005230555;-0.0004351649; 0.0007913227;-0.0000692608;-0.0000000343;-0.0018111298; 0.0010222502;-0.0001645610
corr_gp_gm; 0.0000000000; 0.0000000000; 0.0000000000; 0.0003076563;-0.0008785354;-0.0014442484; 0.0000353855; 0.0000006682; 0.0028160568;-0.0001645610; 0.0018944434
