    km_pop;0.0014460203; 0.0000541075; 0.0012611183; 0.0000000000; 0.0000000000; 0.0000000000; 0.0000000000; 0.0000000000; 0.0000000000; 0.0000000000; 0.0000000000
    gp_pop;0.0000541075; 0.0009990146;-0.0009273957; 0.0000000000; 0.0000000000; 0.0000000000; 0.0000000000; 0.0000000000; 0.0000000000; 0.0000000000; 0.0000000000
    gm_pop;0.0012611183;-0.0009273957; 0.0021473318; 0.0000000000; 0.0000000000; 0.0000000000; 0.0000000000; 0.0000000000; 0.0000000000; 0.0000000000; 0.0000000000
  omega_km;0.0000000000; 0.0000000000; 0.0000000000; 0.0008471293;-0.0000079347; 0.0005330809;-0.0000274738;-0.0000002518; 0.0000708792; 0.0004398328; 0.0004956632
  omega_gp;0.0000000000; 0.0000000000; 0.0000000000;-0.0000079347; 0.0006260743; 0.0003623029;-0.0000155716;-0.0000002677; 0.0000799306;-0.0003907342;-0.0004221412
  omega_gm;0.0000000000; 0.0000000000; 0.0000000000; 0.0005330809; 0.0003623029; 0.0012953995;-0.0000653877;-0.0000003436;-0.0016178805; 0.0005634455;-0.0006582537
         a;0.0000000000; 0.0000000000; 0.0000000000;-0.0000274738;-0.0000155716;-0.0000653877; 0.6494786499;-0.0001922006; 0.0001058416;-0.0000361567; 0.0000416972
         b;0.0000000000; 0.0000000000; 0.0000000000;-0.0000002518;-0.0000002677;-0.0000003436;-0.0001922006; 0.0000003656;-0.0000000500; 0.0000000294; 0.0000000182
corr_km_gp;0.0000000000; 0.0000000000; 0.0000000000; 0.0000708792; 0.0000799306;-0.0016178805; 0.0001058416;-0.0000000500; 0.0046450709;-0.0013950343; 0.0019493760
corr_km_gm;0.0000000000; 0.0000000000; 0.0000000000; 0.0004398328;-0.0003907342; 0.0005634455;-0.0000361567; 0.0000000294;-0.0013950343; 0.0009713507; 0.0000283180
corr_gp_gm;0.0000000000; 0.0000000000; 0.0000000000; 0.0004956632;-0.0004221412;-0.0006582537; 0.0000416972; 0.0000000182; 0.0019493760; 0.0000283180; 0.0015162770
