    km_pop; 0.0008593505;-0.0000483445; 0.0008334581; 0.0000000000; 0.0000000000; 0.0000000000; 0.0000000000;-0.0000000000; 0.0000000000; 0.0000000000; 0.0000000000
    gp_pop;-0.0000483445; 0.0005517908;-0.0006010311; 0.0000000000; 0.0000000000; 0.0000000000; 0.0000000000;-0.0000000000; 0.0000000000; 0.0000000000; 0.0000000000
    gm_pop; 0.0008334581;-0.0006010311; 0.0014307994; 0.0000000000; 0.0000000000; 0.0000000000; 0.0000000000;-0.0000000000; 0.0000000000; 0.0000000000; 0.0000000000
  omega_km; 0.0000000000; 0.0000000000; 0.0000000000; 0.0004411073; 0.0000012615; 0.0003278899;-0.0000197620;-0.0000000080;-0.0000475479; 0.0002118101; 0.0001906522
  omega_gp; 0.0000000000; 0.0000000000; 0.0000000000; 0.0000012615; 0.0003010841; 0.0002173765;-0.0000084764;-0.0000000389;-0.0000450944;-0.0001465742;-0.0002295250
  omega_gm; 0.0000000000; 0.0000000000; 0.0000000000; 0.0003278899; 0.0002173765; 0.0007640163;-0.0000285805;-0.0000000339;-0.0008945602; 0.0002730677;-0.0003859445
         a; 0.0000000000; 0.0000000000; 0.0000000000;-0.0000197620;-0.0000084764;-0.0000285805; 0.2584720693;-0.0000773873; 0.0000181471;-0.0000088040; 0.0000047181
         b; 0.0000000000; 0.0000000000; 0.0000000000;-0.0000000080;-0.0000000389;-0.0000000339;-0.0000773873; 0.0000001570; 0.0000000008; 0.0000000195; 0.0000000242
corr_km_gp; 0.0000000000; 0.0000000000; 0.0000000000;-0.0000475480;-0.0000450943;-0.0008945602; 0.0000181471; 0.0000000008; 0.0022989945;-0.0006153584; 0.0010064517
corr_km_gm; 0.0000000000; 0.0000000000; 0.0000000000; 0.0002118101;-0.0001465742; 0.0002730676;-0.0000088040; 0.0000000195;-0.0006153584; 0.0003788229;-0.0000178030
corr_gp_gm; 0.0000000000; 0.0000000000; 0.0000000000; 0.0001906522;-0.0002295250;-0.0003859445; 0.0000047181; 0.0000000242; 0.0010064518;-0.0000178031; 0.0007450914
